42254
27
7046
6364
30490
6365
154
16072
16070
6396
6397
398
16071
6402
7010
30036
7015
7020
8283
910
283
7049
282
278
74
67
280
82
86
87
7059
6260
7067
71
70
902
6997
7124
1403
6259
7001
6950
6999
7126
6310
6325
6974
6979
6970
6261
7131
6319
6281
6351
45449
16568
6270
6298
6289
6360
6366
6355
6338
6368
6367
6357
6347
6346
122
45944
19538
6461
6464
6457
6796
6412
30163
16573
6513
6466
15986
6487
6414
6413
6508
6511
16192
45045
6897
48193
15031
6887
6893
6888
6891
6886
6906
6605
6606
6611
6623
6608
6609
6610
6607